Id,Prediction
1264,5
1265,4
1266,4
1267,1
1268,5
1269,2
1270,5
1271,4
1272,1
1273,5
1274,5
1275,4
1276,1
1277,2
1278,4
1279,4
1280,1
1281,4
1282,2
1283,1
1284,2
1285,1
1286,1
1287,6
1288,1
1289,5
1290,4
1291,2
1292,5
1293,1
1294,4
1295,2
1296,2
1297,5
1298,4
1299,1
1300,3
1301,4
1302,2
1303,3
1304,3
1305,3
1306,2
1307,3
1308,3
1309,5
1310,2
1311,4
1312,2
1313,5
1314,4
1315,3
1316,2
1317,1
1318,3
1319,5
1320,5
1321,2
1322,2
1323,3
1324,3
1325,5
1326,6
1327,1
1328,1
1329,4
1330,1
1331,2
1332,3
1333,4
1334,4
1335,3
1336,2
1337,5
1338,1
1339,4
1340,2
1341,3
1342,4
1343,4
1344,4
1345,2
1346,5
1347,2
1348,3
1349,3
1350,4
1351,2
1352,1
1353,5
1354,1
1355,3
1356,5
1357,3
1358,5
1359,2
1360,2
1361,2
1362,2
1363,4
1364,4
1365,4
1366,1
1367,2
1368,4
1369,5
1370,5
1371,3
1372,4
1373,3
1374,5
1375,4
1376,3
1377,4
1378,3
1379,1
1380,6
1381,3
1382,1
1383,3
1384,2
1385,4
1386,2
1387,1
1388,2
1389,1
1390,5
1391,1
1392,4
1393,1
1394,1
1395,4
1396,5
1397,2
1398,6
1399,2
1400,2
1401,1
1402,3
1403,2
1404,2
1405,5
1406,4
1407,5
1408,3
1409,2
1410,2
1411,6
1412,2
1413,1
1414,3
1415,6
1416,2
1417,3
1418,4
1419,1
1420,3
1421,1
1422,3
1423,2
1424,4
1425,2
1426,4
1427,2
1428,4
1429,4
1430,6
1431,4
1432,5
1433,2
1434,1
1435,4
1436,3
1437,3
1438,4
1439,1
1440,5
1441,1
1442,4
1443,3
1444,5
1445,2
1446,4
1447,4
1448,1
1449,2
1450,2
1451,4
1452,2
1453,4
1454,4
1455,1
1456,3
1457,3
1458,2
1459,2
1460,3
1461,1
1462,2
1463,2
1464,4
1465,2
1466,4
1467,5
1468,1
1469,5
1470,5
1471,4
1472,5
1473,5
1474,4
1475,4
1476,3
1477,4
1478,2
1479,5
1480,2
1481,2
1482,4
1483,2
1484,4
1485,4
1486,4
1487,4
1488,5
1489,1
1490,4
1491,4
1492,3
1493,2
1494,4
1495,1
1496,1
1497,2
1498,5
1499,4
1500,3
1501,2
1502,4
1503,3
1504,3
1505,5
1506,3
1507,4
1508,5
1509,2
1510,4
1511,1
1512,1
1513,4
1514,4
1515,3
1516,4
1517,2
1518,4
1519,4
1520,3
1521,1
1522,5
1523,5
1524,4
1525,4
1526,2
1527,4
1528,2
1529,3
1530,5
1531,3
1532,1
1533,2
1534,3
1535,1
1536,2
1537,4
1538,2
1539,4
1540,1
1541,2
1542,3
1543,4
1544,2
1545,2
1546,2
1547,6
1548,5
1549,2
1550,5
1551,4
1552,4
1553,1
1554,3
1555,1
1556,4
1557,2
1558,1
1559,2
1560,4
1561,2
1562,2
1563,1
1564,2
1565,3
1566,1
1567,3
1568,5
1569,3
1570,4
1571,4
1572,3
1573,6
1574,5
1575,2
1576,2
1577,4
1578,3
1579,3
1580,5
1581,2
1582,1
1583,2
1584,3
1585,4
1586,5
1587,4
1588,1
1589,4
1590,2
1591,1
1592,1
1593,2
1594,2
1595,3
1596,4
1597,3
1598,1
1599,4
1600,3
1601,3
1602,1
1603,5
1604,4
1605,3
1606,1
1607,3
1608,5
1609,2
1610,3
1611,2
1612,4
1613,3
1614,4
1615,6
1616,3
1617,1
1618,1
1619,2
1620,1
1621,4
1622,3
1623,2
1624,3
1625,1
1626,2
1627,4
1628,3
1629,5
1630,4
1631,5
1632,1
1633,2
1634,4
1635,2
1636,2
1637,4
1638,1
1639,3
1640,5
1641,5
1642,5
1643,4
1644,6
1645,5
1646,4
1647,5
1648,1
1649,6
1650,4
1651,4
1652,1
1653,1
1654,1
1655,1
1656,3
1657,5
1658,6
1659,4
1660,4
1661,1
1662,3
1663,1
1664,2
1665,4
1666,5
1667,3
1668,1
1669,5
1670,6
1671,3
1672,1
1673,6
1674,2
1675,6
1676,6
1677,1
1678,5
1679,3
1680,5
1681,4
1682,5
1683,2
1684,4
1685,4
1686,4
1687,1
1688,5
1689,4
1690,2
1691,2
1692,4
1693,2
1694,4
1695,4
1696,2
1697,4
1698,2
1699,4
1700,2
1701,5
1702,4
1703,4
1704,1
1705,4
1706,4
1707,4
1708,5
1709,3
1710,4
1711,2
1712,1
1713,2
1714,5
1715,2
1716,5
1717,4
1718,2
1719,2
1720,5
1721,5
1722,2
1723,4
1724,5
1725,1
1726,3
1727,1
1728,6
1729,3
1730,4
1731,5
1732,2
1733,4
1734,4
1735,5
1736,6
1737,4
1738,4
1739,4
1740,4
1741,5
1742,3
1743,3
1744,4
1745,1
1746,6
1747,3
1748,5
1749,3
1750,5
1751,5
1752,4
1753,3
1754,2
1755,1
1756,4
1757,4
1758,2
1759,3
1760,2
1761,4
1762,2
1763,3
1764,2
1765,2
1766,3
1767,4
1768,4
1769,5
1770,1
1771,4
1772,6
1773,3
1774,2
1775,3
1776,6
1777,5
1778,6
1779,5
1780,2
1781,4
1782,2
1783,4
1784,1
1785,5
1786,4
1787,3
1788,1
1789,2
1790,5
1791,3
1792,4
1793,2
1794,5
1795,4
1796,4
1797,5
1798,5
1799,2
1800,5
1801,3
1802,5
1803,5
1804,4
1805,3
1806,1
1807,1
1808,2
1809,1
1810,4
1811,5
1812,2
1813,1
1814,4
1815,5
1816,1
1817,2
1818,6
1819,2
1820,4
1821,3
1822,4
1823,5
1824,4
1825,5
1826,5
1827,5
1828,4
1829,2
1830,4
1831,4
1832,2
1833,2
1834,5
1835,4
1836,4
1837,1
1838,5
1839,1
1840,4
1841,5
1842,2
1843,5
1844,4
1845,2
1846,4
1847,5
1848,1
1849,2
1850,5
1851,2
1852,2
1853,4
1854,4
1855,6
1856,5
1857,4
1858,6
1859,2
1860,1
1861,4
1862,3
1863,5
1864,6
1865,2
1866,3
1867,1
1868,4
1869,2
1870,3
1871,4
1872,2
1873,2
1874,3
1875,2
1876,2
1877,3
1878,4
1879,5
1880,4
1881,5
1882,3
1883,2
1884,5
1885,4
1886,1
1887,3
1888,1
1889,4
1890,1
1891,2
1892,5
1893,2
1894,3
1895,3
1896,1
1897,4
1898,2
1899,5
1900,4
1901,5
1902,2
1903,3
1904,5
1905,6
1906,5
1907,6
1908,2
1909,5
1910,2
1911,4
1912,2
1913,3
1914,2
1915,4
1916,4
1917,5
1918,1
1919,3
1920,4
1921,2
1922,4
1923,6
1924,2
1925,3
1926,5
1927,3
1928,4
1929,1
1930,1
1931,5
1932,4
1933,2
1934,4
1935,4
1936,5
1937,3
1938,1
1939,2
1940,4
1941,1
1942,1
1943,4
1944,3
1945,6
1946,4
1947,3
1948,1
1949,3
1950,5
1951,3
1952,2
1953,2
1954,4
1955,4
1956,2
1957,4
1958,3
1959,3
1960,4
1961,3
1962,4
1963,2
1964,2
1965,2
1966,1
1967,4
1968,2
1969,2
1970,1
1971,4
1972,2
1973,6
1974,2
1975,2
1976,3
1977,3
1978,1
1979,2
1980,4
1981,2
1982,2
1983,2
1984,2
1985,1
1986,5
1987,2
1988,4
1989,3
1990,5
1991,5
1992,5
1993,2
1994,4
1995,5
1996,5
1997,4
1998,4
1999,3
2000,5
2001,4
2002,2
2003,4
2004,3
2005,4
2006,4
2007,3
2008,6
2009,4
2010,1
2011,1
2012,4
2013,3
2014,1
2015,5
2016,2
2017,1
2018,2
2019,5
2020,4
2021,3
2022,1
2023,4
2024,5
2025,1
2026,2
2027,5
2028,1
2029,4
2030,4
2031,2
2032,5
2033,6
2034,2
2035,1
2036,3
2037,5
2038,3
2039,5
2040,3
2041,5
2042,1
2043,5
2044,1
2045,2
2046,2
2047,5
2048,1
2049,4
2050,1
2051,2
2052,4
2053,3
2054,2
2055,2
2056,3
2057,4
2058,2
2059,5
2060,5
2061,3
2062,2
2063,4
2064,1
2065,4
2066,4
2067,3
2068,4
2069,5
2070,4
2071,2
2072,4
2073,6
2074,4
2075,2
2076,2
2077,5
2078,5
2079,3
2080,3
2081,1
2082,4
2083,4
2084,4
2085,4
2086,3
2087,4
2088,4
2089,5
2090,5
2091,1
2092,4
2093,2
2094,4
2095,4
2096,4
2097,4
2098,5
2099,1
2100,1
2101,3
2102,4
2103,5
2104,3
2105,1
2106,4
2107,2
2108,1
2109,2
2110,4
2111,4
2112,2
2113,3
2114,2
2115,3
2116,1
2117,2
2118,5
2119,2
2120,5
2121,2
2122,5
2123,4
2124,3
2125,1
2126,4
2127,5
2128,4
2129,6
2130,4
2131,1
2132,5
2133,3
2134,4
2135,3
2136,2
2137,4
2138,2
2139,2
2140,2
2141,4
2142,4
2143,3
2144,2
2145,2
2146,2
2147,6
2148,1
2149,2
2150,3
2151,3
2152,4
2153,5
2154,3
2155,2
2156,4
2157,4
2158,1
2159,2
2160,3
2161,5
2162,1
2163,5
2164,3
2165,1
2166,1
2167,2
2168,2
2169,2
2170,3
2171,3
2172,6
2173,1
2174,5
2175,5
2176,4
2177,3
2178,5
2179,4
2180,2
2181,6
2182,1
2183,4
2184,2
2185,3
2186,1
2187,4
2188,1
2189,4
2190,4
2191,2
2192,2
2193,6
2194,1
2195,1
2196,3
2197,1
2198,2
2199,4
2200,1
2201,2
2202,4
2203,3
2204,6
2205,2
2206,2
2207,5
2208,4
2209,2
2210,4
2211,3
2212,2
2213,4
2214,1
2215,3
2216,2
2217,5
2218,4
2219,4
2220,5
2221,2
2222,4
2223,1
2224,3
2225,5
2226,2
2227,4
2228,2
2229,3
2230,6
2231,4
2232,1
2233,2
2234,3
2235,4
2236,4
2237,3
2238,4
2239,2
2240,5
2241,2
2242,4
2243,3
2244,5
2245,3
2246,1
2247,1
2248,1
2249,2
2250,5
2251,4
2252,3
2253,4
2254,4
2255,4
2256,5
2257,5
2258,1
2259,4
2260,4
2261,2
2262,2
2263,1
2264,2
2265,2
2266,4
2267,4
2268,4
2269,6
2270,3
2271,5
2272,3
2273,4
2274,3
2275,2
2276,4
2277,2
2278,5
2279,3
2280,5
2281,1
2282,3
2283,3
2284,4
2285,2
2286,1
2287,5
2288,1
2289,4
2290,4
2291,6
2292,2
2293,3
2294,3
2295,5
2296,2
2297,2
2298,5
2299,4
2300,4
2301,5
2302,5
2303,4
2304,2
2305,4
2306,4
2307,2
2308,1
2309,2
2310,4
2311,1
2312,1
2313,4
2314,4
2315,2
2316,2
2317,5
2318,2
2319,3
2320,5
2321,2
2322,3
2323,4
2324,4
2325,4
2326,1
2327,3
2328,5
2329,4
2330,5
2331,1
2332,4
2333,5
2334,5
2335,2
2336,2
2337,5
2338,1
2339,2
2340,5
2341,2
2342,2
2343,3
2344,4
2345,3
2346,4
2347,2
2348,1
2349,2
2350,3
2351,3
2352,2
2353,3
2354,5
2355,5
2356,3
2357,2
2358,4
2359,5
2360,1
2361,3
2362,1
2363,2
2364,4
2365,5
2366,6
2367,4
2368,3
2369,4
2370,2
2371,4
2372,5
2373,3
2374,3
2375,2
2376,5
2377,2
2378,2
2379,2
2380,3
2381,1
2382,4
2383,4
2384,4
2385,2
2386,5
2387,2
2388,3
2389,2
2390,3
2391,3
2392,5
2393,5
2394,4
2395,4
2396,2
2397,3
2398,2
2399,5
2400,4
2401,1
2402,1
2403,2
2404,4
2405,3
2406,4
2407,3
2408,4
2409,5
2410,4
2411,5
2412,2
2413,2
2414,4
2415,2
2416,3
2417,4
2418,4
2419,4
2420,5
2421,1
2422,4
2423,6
2424,4
2425,2
2426,5
2427,5
2428,5
2429,5
2430,1
2431,2
2432,2
2433,1
2434,3
2435,4
2436,3
2437,3
2438,5
2439,4
2440,1
2441,2
2442,1
2443,1
2444,2
2445,4
2446,3
2447,4
2448,4
2449,3
2450,3
2451,1
2452,2
2453,3
2454,2
2455,4
2456,6
2457,2
2458,5
2459,4
2460,4
2461,5
2462,1
2463,2
2464,3
2465,3
2466,2
2467,5
2468,2
2469,2
2470,4
2471,1
2472,5
2473,3
2474,5
2475,1
2476,5
2477,4
2478,2
2479,1
2480,4
2481,5
2482,2
2483,1
2484,1
2485,3
2486,5
2487,2
2488,1
2489,4
2490,5
2491,1
2492,4
2493,3
2494,4
2495,4
2496,5
2497,1
2498,2
2499,4
2500,1
2501,4
2502,4
2503,3
2504,4
2505,4
2506,4
2507,6
2508,5
2509,2
2510,3
2511,4
2512,2
2513,2
2514,5
2515,5
2516,1
2517,5
2518,2
2519,3
2520,2
2521,3
2522,5
2523,2
2524,1
2525,5
2526,5
2527,2
